0004
0010
0011
0022
0029
0037
0040
0042
0043
0079
0084
0101
0102
0103
0107
0114
0121
0122
0126
0137
0150
0157
0160
0181
0225
0226
0227
0241
0247
0249
0251
0256
0258
0274
0278
0299
0303
0305
0307
0309
0318
0329
0330
0340
0342
0352
0353
0359
0366
0371
0375
0377
0384
0385
0396
0414
0418
0429
0437
0439
0440
0448
0467
0473
0476
0503
0510
0514
0542
0548
0550
0551
0574
0580
0590
0602
0605
0607
0621
0622
0630
0634
0637
0649
0650
0666
0683
0687
0698
0719
0759
0784
0786
0787
0794
0827
0854
0872
0891
0892
0895
0900
0901
0908
0910
0914
0924
0932
0935
0936
0941
0942
0960
0961
0962
0965
0971
0982
0990
0991
0998
0999
1000
1001
1007
1022
